1
2
3
4
5
6
7
8
9
10
11
12
13
14
15
16
17
18
19
20
21
22
23
24
25
26
27
28
29
30
31
32
2
4
6
8
10
12
14
16
18
20
22
24
26
28
30
32
34
36
38
40
42
44
46
48
50
52
54
56
58
60
62
64
3
6
9
12
15
18
21
24
27
30
33
36
39
42
45
48
51
54
57
60
63
66
69
72
75
78
81
84
87
90
93
96
4
8
12
16
20
24
28
32
36
40
44
48
52
56
60
64
68
72
76
80
84
88
92
96
100
104
108
112
116
120
124
128
5
10
15
20
25
30
35
40
45
50
55
60
65
70
75
80
85
90
95
100
105
110
115
120
125
130
135
140
145
150
155
160
6
12
18
24
30
36
42
48
54
60
66
72
78
84
90
96
102
108
114
120
126
132
138
144
150
156
162
168
174
180
186
192
7
14
21
28
35
42
49
56
63
70
77
84
91
98
105
112
119
126
133
140
147
154
161
168
175
182
189
196
203
210
217
224
8
16
24
32
40
48
56
64
72
80
88
96
104
112
120
128
136
144
152
160
168
176
184
192
200
208
216
224
232
240
248
256
9
18
27
36
45
54
63
72
81
90
99
108
117
126
135
144
153
162
171
180
189
198
207
216
225
234
243
252
261
270
279
288
10
20
30
40
50
60
70
80
90
100
110
120
130
140
150
160
170
180
190
200
210
220
230
240
250
260
270
280
290
300
310
320
11
22
33
44
55
66
77
88
99
110
121
132
143
154
165
176
187
198
209
220
231
242
253
264
275
286
297
308
319
330
341
352
12
24
36
48
60
72
84
96
108
120
132
144
156
168
180
192
204
216
228
240
252
264
276
288
300
312
324
336
348
360
372
384
13
26
39
52
65
78
91
104
117
130
143
156
169
182
195
208
221
234
247
260
273
286
299
312
325
338
351
364
377
390
403
416
14
28
42
56
70
84
98
112
126
140
154
168
182
196
210
224
238
252
266
280
294
308
322
336
350
364
378
392
406
420
434
448
15
30
45
60
75
90
105
120
135
150
165
180
195
210
225
240
255
270
285
300
315
330
345
360
375
390
405
420
435
450
465
480
16
32
48
64
80
96
112
128
144
160
176
192
208
224
240
256
272
288
304
320
336
352
368
384
400
416
432
448
464
480
496
512
17
34
51
68
85
102
119
136
153
170
187
204
221
238
255
272
289
306
323
340
357
374
391
408
425
442
459
476
493
510
527
544
18
36
54
72
90
108
126
144
162
180
198
216
234
252
270
288
306
324
342
360
378
396
414
432
450
468
486
504
522
540
558
576
19
38
57
76
95
114
133
152
171
190
209
228
247
266
285
304
323
342
361
380
399
418
437
456
475
494
513
532
551
570
589
608
20
40
60
80
100
120
140
160
180
200
220
240
260
280
300
320
340
360
380
400
420
440
460
480
500
520
540
560
580
600
620
640
21
42
63
84
105
126
147
168
189
210
231
252
273
294
315
336
357
378
399
420
441
462
483
504
525
546
567
588
609
630
651
672
22
44
66
88
110
132
154
176
198
220
242
264
286
308
330
352
374
396
418
440
462
484
506
528
550
572
594
616
638
660
682
704
23
46
69
92
115
138
161
184
207
230
253
276
299
322
345
368
391
414
437
460
483
506
529
552
575
598
621
644
667
690
713
736
24
48
72
96
120
144
168
192
216
240
264
288
312
336
360
384
408
432
456
480
504
528
552
576
600
624
648
672
696
720
744
768
25
50
75
100
125
150
175
200
225
250
275
300
325
350
375
400
425
450
475
500
525
550
575
600
625
650
675
700
725
750
775
800
26
52
78
104
130
156
182
208
234
260
286
312
338
364
390
416
442
468
494
520
546
572
598
624
650
676
702
728
754
780
806
832
27
54
81
108
135
162
189
216
243
270
297
324
351
378
405
432
459
486
513
540
567
594
621
648
675
702
729
756
783
810
837
864
28
56
84
112
140
168
196
224
252
280
308
336
364
392
420
448
476
504
532
560
588
616
644
672
700
728
756
784
812
840
868
896
29
58
87
116
145
174
203
232
261
290
319
348
377
406
435
464
493
522
551
580
609
638
667
696
725
754
783
812
841
870
899
928
30
60
90
120
150
180
210
240
270
300
330
360
390
420
450
480
510
540
570
600
630
660
690
720
750
780
810
840
870
900
930
960
31
62
93
124
155
186
217
248
279
310
341
372
403
434
465
496
527
558
589
620
651
682
713
744
775
806
837
868
899
930
961
992
32
64
96
128
160
192
224
256
288
320
352
384
416
448
480
512
544
576
608
640
672
704
736
768
800
832
864
896
928
960
992
1024
33
66
99
132
165
198
231
264
297
330
363
396
429
462
495
528
561
594
627
660
693
726
759
792
825
858
891
924
957
990
1023
1056
34
68
102
136
170
204
238
272
306
340
374
408
442
476
510
544
578
612
646
680
714
748
782
816
850
884
918
952
986
1020
1054
1088
35
70
105
140
175
210
245
280
315
350
385
420
455
490
525
560
595
630
665
700
735
770
805
840
875
910
945
980
1015
1050
1085
1120
36
72
108
144
180
216
252
288
324
360
396
432
468
504
540
576
612
648
684
720
756
792
828
864
900
936
972
1008
1044
1080
1116
1152
37
74
111
148
185
222
259
296
333
370
407
444
481
518
555
592
629
666
703
740
777
814
851
888
925
962
999
1036
1073
1110
1147
1184
38
76
114
152
190
228
266
304
342
380
418
456
494
532
570
608
646
684
722
760
798
836
874
912
950
988
1026
1064
1102
1140
1178
1216
39
78
117
156
195
234
273
312
351
390
429
468
507
546
585
624
663
702
741
780
819
858
897
936
975
1014
1053
1092
1131
1170
1209
1248
40
80
120
160
200
240
280
320
360
400
440
480
520
560
600
640
680
720
760
800
840
880
920
960
1000
1040
1080
1120
1160
1200
1240
1280
41
82
123
164
205
246
287
328
369
410
451
492
533
574
615
656
697
738
779
820
861
902
943
984
1025
1066
1107
1148
1189
1230
1271
1312
42
84
126
168
210
252
294
336
378
420
462
504
546
588
630
672
714
756
798
840
882
924
966
1008
1050
1092
1134
1176
1218
1260
1302
1344
43
86
129
172
215
258
301
344
387
430
473
516
559
602
645
688
731
774
817
860
903
946
989
1032
1075
1118
1161
1204
1247
1290
1333
1376
44
88
132
176
220
264
308
352
396
440
484
528
572
616
660
704
748
792
836
880
924
968
1012
1056
1100
1144
1188
1232
1276
1320
1364
1408
45
90
135
180
225
270
315
360
405
450
495
540
585
630
675
720
765
810
855
900
945
990
1035
1080
1125
1170
1215
1260
1305
1350
1395
1440
46
92
138
184
230
276
322
368
414
460
506
552
598
644
690
736
782
828
874
920
966
1012
1058
1104
1150
1196
1242
1288
1334
1380
1426
1472
47
94
141
188
235
282
329
376
423
470
517
564
611
658
705
752
799
846
893
940
987
1034
1081
1128
1175
1222
1269
1316
1363
1410
1457
1504
48
96
144
192
240
288
336
384
432
480
528
576
624
672
720
768
816
864
912
960
1008
1056
1104
1152
1200
1248
1296
1344
1392
1440
1488
1536
49
98
147
196
245
294
343
392
441
490
539
588
637
686
735
784
833
882
931
980
1029
1078
1127
1176
1225
1274
1323
1372
1421
1470
1519
1568
50
100
150
200
250
300
350
400
450
500
550
600
650
700
750
800
850
900
950
1000
1050
1100
1150
1200
1250
1300
1350
1400
1450
1500
1550
1600
51
102
153
204
255
306
357
408
459
510
561
612
663
714
765
816
867
918
969
1020
1071
1122
1173
1224
1275
1326
1377
1428
1479
1530
1581
1632
52
104
156
208
260
312
364
416
468
520
572
624
676
728
780
832
884
936
988
1040
1092
1144
1196
1248
1300
1352
1404
1456
1508
1560
1612
1664
53
106
159
212
265
318
371
424
477
530
583
636
689
742
795
848
901
954
1007
1060
1113
1166
1219
1272
1325
1378
1431
1484
1537
1590
1643
1696
54
108
162
216
270
324
378
432
486
540
594
648
702
756
810
864
918
972
1026
1080
1134
1188
1242
1296
1350
1404
1458
1512
1566
1620
1674
1728
55
110
165
220
275
330
385
440
495
550
605
660
715
770
825
880
935
990
1045
1100
1155
1210
1265
1320
1375
1430
1485
1540
1595
1650
1705
1760
56
112
168
224
280
336
392
448
504
560
616
672
728
784
840
896
952
1008
1064
1120
1176
1232
1288
1344
1400
1456
1512
1568
1624
1680
1736
1792
57
114
171
228
285
342
399
456
513
570
627
684
741
798
855
912
969
1026
1083
1140
1197
1254
1311
1368
1425
1482
1539
1596
1653
1710
1767
1824
58
116
174
232
290
348
406
464
522
580
638
696
754
812
870
928
986
1044
1102
1160
1218
1276
1334
1392
1450
1508
1566
1624
1682
1740
1798
1856
59
118
177
236
295
354
413
472
531
590
649
708
767
826
885
944
1003
1062
1121
1180
1239
1298
1357
1416
1475
1534
1593
1652
1711
1770
1829
1888
60
120
180
240
300
360
420
480
540
600
660
720
780
840
900
960
1020
1080
1140
1200
1260
1320
1380
1440
1500
1560
1620
1680
1740
1800
1860
1920
61
122
183
244
305
366
427
488
549
610
671
732
793
854
915
976
1037
1098
1159
1220
1281
1342
1403
1464
1525
1586
1647
1708
1769
1830
1891
1952
62
124
186
248
310
372
434
496
558
620
682
744
806
868
930
992
1054
1116
1178
1240
1302
1364
1426
1488
1550
1612
1674
1736
1798
1860
1922
1984
63
126
189
252
315
378
441
504
567
630
693
756
819
882
945
1008
1071
1134
1197
1260
1323
1386
1449
1512
1575
1638
1701
1764
1827
1890
1953
2016
64
128
192
256
320
384
448
512
576
640
704
768
832
896
960
1024
1088
1152
1216
1280
1344
1408
1472
1536
1600
1664
1728
1792
1856
1920
1984
2048
65
130
195
260
325
390
455
520
585
650
715
780
845
910
975
1040
1105
1170
1235
1300
1365
1430
1495
1560
1625
1690
1755
1820
1885
1950
2015
2080
66
132
198
264
330
396
462
528
594
660
726
792
858
924
990
1056
1122
1188
1254
1320
1386
1452
1518
1584
1650
1716
1782
1848
1914
1980
2046
2112
67
134
201
268
335
402
469
536
603
670
737
804
871
938
1005
1072
1139
1206
1273
1340
1407
1474
1541
1608
1675
1742
1809
1876
1943
2010
2077
2144
68
136
204
272
340
408
476
544
612
680
748
816
884
952
1020
1088
1156
1224
1292
1360
1428
1496
1564
1632
1700
1768
1836
1904
1972
2040
2108
2176
69
138
207
276
345
414
483
552
621
690
759
828
897
966
1035
1104
1173
1242
1311
1380
1449
1518
1587
1656
1725
1794
1863
1932
2001
2070
2139
2208
70
140
210
280
350
420
490
560
630
700
770
840
910
980
1050
1120
1190
1260
1330
1400
1470
1540
1610
1680
1750
1820
1890
1960
2030
2100
2170
2240
71
142
213
284
355
426
497
568
639
710
781
852
923
994
1065
1136
1207
1278
1349
1420
1491
1562
1633
1704
1775
1846
1917
1988
2059
2130
2201
2272
72
144
216
288
360
432
504
576
648
720
792
864
936
1008
1080
1152
1224
1296
1368
1440
1512
1584
1656
1728
1800
1872
1944
2016
2088
2160
2232
2304
73
146
219
292
365
438
511
584
657
730
803
876
949
1022
1095
1168
1241
1314
1387
1460
1533
1606
1679
1752
1825
1898
1971
2044
2117
2190
2263
2336
74
148
222
296
370
444
518
592
666
740
814
888
962
1036
1110
1184
1258
1332
1406
1480
1554
1628
1702
1776
1850
1924
1998
2072
2146
2220
2294
2368
75
150
225
300
375
450
525
600
675
750
825
900
975
1050
1125
1200
1275
1350
1425
1500
1575
1650
1725
1800
1875
1950
2025
2100
2175
2250
2325
2400
76
152
228
304
380
456
532
608
684
760
836
912
988
1064
1140
1216
1292
1368
1444
1520
1596
1672
1748
1824
1900
1976
2052
2128
2204
2280
2356
2432
77
154
231
308
385
462
539
616
693
770
847
924
1001
1078
1155
1232
1309
1386
1463
1540
1617
1694
1771
1848
1925
2002
2079
2156
2233
2310
2387
2464
78
156
234
312
390
468
546
624
702
780
858
936
1014
1092
1170
1248
1326
1404
1482
1560
1638
1716
1794
1872
1950
2028
2106
2184
2262
2340
2418
2496
79
158
237
316
395
474
553
632
711
790
869
948
1027
1106
1185
1264
1343
1422
1501
1580
1659
1738
1817
1896
1975
2054
2133
2212
2291
2370
2449
2528
80
160
240
320
400
480
560
640
720
800
880
960
1040
1120
1200
1280
1360
1440
1520
1600
1680
1760
1840
1920
2000
2080
2160
2240
2320
2400
2480
2560
81
162
243
324
405
486
567
648
729
810
891
972
1053
1134
1215
1296
1377
1458
1539
1620
1701
1782
1863
1944
2025
2106
2187
2268
2349
2430
2511
2592
82
164
246
328
410
492
574
656
738
820
902
984
1066
1148
1230
1312
1394
1476
1558
1640
1722
1804
1886
1968
2050
2132
2214
2296
2378
2460
2542
2624
83
166
249
332
415
498
581
664
747
830
913
996
1079
1162
1245
1328
1411
1494
1577
1660
1743
1826
1909
1992
2075
2158
2241
2324
2407
2490
2573
2656
84
168
252
336
420
504
588
672
756
840
924
1008
1092
1176
1260
1344
1428
1512
1596
1680
1764
1848
1932
2016
2100
2184
2268
2352
2436
2520
2604
2688
85
170
255
340
425
510
595
680
765
850
935
1020
1105
1190
1275
1360
1445
1530
1615
1700
1785
1870
1955
2040
2125
2210
2295
2380
2465
2550
2635
2720
86
172
258
344
430
516
602
688
774
860
946
1032
1118
1204
1290
1376
1462
1548
1634
1720
1806
1892
1978
2064
2150
2236
2322
2408
2494
2580
2666
2752
87
174
261
348
435
522
609
696
783
870
957
1044
1131
1218
1305
1392
1479
1566
1653
1740
1827
1914
2001
2088
2175
2262
2349
2436
2523
2610
2697
2784
88
176
264
352
440
528
616
704
792
880
968
1056
1144
1232
1320
1408
1496
1584
1672
1760
1848
1936
2024
2112
2200
2288
2376
2464
2552
2640
2728
2816
89
178
267
356
445
534
623
712
801
890
979
1068
1157
1246
1335
1424
1513
1602
1691
1780
1869
1958
2047
2136
2225
2314
2403
2492
2581
2670
2759
2848
90
180
270
360
450
540
630
720
810
900
990
1080
1170
1260
1350
1440
1530
1620
1710
1800
1890
1980
2070
2160
2250
2340
2430
2520
2610
2700
2790
2880
91
182
273
364
455
546
637
728
819
910
1001
1092
1183
1274
1365
1456
1547
1638
1729
1820
1911
2002
2093
2184
2275
2366
2457
2548
2639
2730
2821
2912
92
184
276
368
460
552
644
736
828
920
1012
1104
1196
1288
1380
1472
1564
1656
1748
1840
1932
2024
2116
2208
2300
2392
2484
2576
2668
2760
2852
2944
93
186
279
372
465
558
651
744
837
930
1023
1116
1209
1302
1395
1488
1581
1674
1767
1860
1953
2046
2139
2232
2325
2418
2511
2604
2697
2790
2883
2976
94
188
282
376
470
564
658
752
846
940
1034
1128
1222
1316
1410
1504
1598
1692
1786
1880
1974
2068
2162
2256
2350
2444
2538
2632
2726
2820
2914
3008
95
190
285
380
475
570
665
760
855
950
1045
1140
1235
1330
1425
1520
1615
1710
1805
1900
1995
2090
2185
2280
2375
2470
2565
2660
2755
2850
2945
3040
96
192
288
384
480
576
672
768
864
960
1056
1152
1248
1344
1440
1536
1632
1728
1824
1920
2016
2112
2208
2304
2400
2496
2592
2688
2784
2880
2976
3072
97
194
291
388
485
582
679
776
873
970
1067
1164
1261
1358
1455
1552
1649
1746
1843
1940
2037
2134
2231
2328
2425
2522
2619
2716
2813
2910
3007
3104
98
196
294
392
490
588
686
784
882
980
1078
1176
1274
1372
1470
1568
1666
1764
1862
1960
2058
2156
2254
2352
2450
2548
2646
2744
2842
2940
3038
3136
99
198
297
396
495
594
693
792
891
990
1089
1188
1287
1386
1485
1584
1683
1782
1881
1980
2079
2178
2277
2376
2475
2574
2673
2772
2871
2970
3069
3168
